4294967279,303
4294967279,269
4294967278,269
4294967279,358
4294967279,281
4294967279,280
4294967294,966
4294967279,286
4294967278,265
4294967279,266
4294967279,265
4294967278,261
4294967279,264
4294967278,276
4294967279,263
4294967278,258
4294967279,277
4294967278,280
4294967294,162
4294967294,1410
4294967278,257
4294967294,468
4294967294,68
4294967294,11
4294967278,567
4294967279,258
4294967278,131
4294967278,128
4294967278,127
4294967278,120
4294967278,118
4294967278,117
4294967278,116
4294967278,115
4294967278,114
4294967278,113
4294967278,110
4294967278,108
4294967278,107
4294967278,106
4294967278,105
4294967278,104
4294967278,103
4294967278,102
4294967278,101
4294967278,99
4294967278,97
4294967278,96
4294967278,95
4294967278,93
4294967278,92
4294967278,91
4294967278,89
4294967278,87
4294967278,86
4294967278,85
4294967278,84
4294967278,83
4294967278,82
4294967278,81
4294967278,79
4294967278,78
4294967278,77
4294967278,76
4294967278,75
4294967278,74
4294967278,73
4294967278,72
4294967278,71
4294967278,70
4294967278,69
4294967278,68
4294967278,67
4294967278,64
4294967278,63
4294967278,62
4294967278,61
4294967278,60
4294967278,59
4294967278,58
4294967278,57
4294967278,566
4294967279,74
4294967279,73
4294967279,72
4294967279,71
4294967279,70
4294967279,69
4294967279,67
4294967279,61
4294967279,60
4294967279,57
4294967279,55
4294967279,54
4294967279,53
4294967279,52
4294967279,51
4294967278,255
4294967278,254
4294967278,132
4294967278,543
4294967278,542
4294967278,130
4294967294,437
4294967279,371
4294967278,129
4294967279,386
4294967279,370
4294967278,539
4294967278,124
4294967278,565
4294967278,564
4294967278,249
4294967278,536
4294967278,535
4294967278,563
4294967278,126
4294967278,125
69,7
4294967278,123
4294967278,122
4294967279,252
4294967278,121
4294967279,249
4294967278,246
4294967278,119
4294967278,245
4294967278,562
4294967279,245
4294967278,241
4294967279,242
4294967279,237
4294967278,240
69,6
4294967279,240
69,5
4294967278,238
69,4
69,3
69,2
69,1
4294967279,385
4294967278,236
4294967294,389
4294967278,112
4294967278,111
4294967278,232
4294967279,233
4294967278,230
4294967278,109
4294967278,228
4294967279,229
4294967278,226
4294967279,226
4294967279,224
4294967278,222
4294967278,220
4294967279,384
4294967278,218
4294967278,100
4294967279,216
4294967278,214
4294967279,214
4294967278,561
4294967279,213
4294967294,396
4294967294,409
4294967294,395
4294967294,413
4294967294,385
4294967294,406
4294967294,941
4294967294,110
4294967294,466
4294967294,111
4294967294,108
4294967278,98
4294967278,210
4294967278,528
4294967279,344
4294967278,307
4294967278,208
4294967278,304
4294967278,527
4294967279,341
4294967278,94
4294967278,526
4294967279,369
4294967278,205
66,7
4294967279,339
4294967294,393
4294967294,392
4294967278,290
4294967278,90
4294967279,315
4294967278,201
4294967279,201
4294967294,120
4294967278,200
4294967279,200
4294967278,199
4294967279,198
4294967278,197
4294967278,194
66,6
4294967278,196
66,5
4294967279,196
66,4
66,3
66,2
66,1
4294967278,557
4294967278,80
4294967278,556
4294967279,363
4294967278,554
4294967278,575
4294967278,538
4294967278,0
4294967279,192
4294967278,555
4294967294,387
4294967294,388
4294967278,553
4294967278,188
4294967279,187
4294967278,184
4294967279,186
4294967278,551
4294967279,185
4294967294,107
4294967278,183
4294967279,183
4294967294,89
4294967278,182
4294967279,182
4294967279,309
4294967279,346
4294967279,68
4294967278,181
4294967279,181
4294967294,1
4294967278,66
4294967279,64
4294967294,40
4294967294,38
4294967294,37
4294967294,36
4294967294,39
4294967279,66
4294967279,179
4294967279,333
4294967278,65
4294967278,519
4294967279,65
4294967279,332
4294967279,177
4294967279,331
4294967279,63
4294967279,330
4294967278,516
4294967279,62
4294967279,328
4294967278,514
4294967279,173
63,7
4294967294,99
4294967294,76
4294967278,512
4294967279,50
4294967279,0
4294967279,59
4294967279,326
4294967278,513
4294967279,58
4294967279,170
4294967279,302
4294967278,319
4294967279,169
4294967278,168
4294967294,46
4294967294,114
4294967294,41
4294967279,56
4294967279,300
4294967278,167
4294967279,167
4294967278,166
4294967278,165
4294967279,165
4294967279,162
4294967278,164
63,6
4294967279,164
4294967294,390
4294967294,900
4294967294,186
4294967294,45
4294967294,427
4294967294,44
4294967294,899
0,5
63,5
4294967278,163
63,4
63,3
63,2
63,1
4294967279,276
4294967278,162
0,7
4294967294,424
4294967294,43
4294967294,51
4294967279,49
4294967294,5
4294967294,81
4294967294,50
4294967294,92
4294967294,90
4294967294,88
4294967294,86
4294967294,85
4294967294,53
4294967294,52
4294967279,294
4294967294,417
4294967294,1411
4294967278,159
4294967279,314
4294967278,158
4294967294,2
4294967294,0
4294967294,947
4294967294,419
4294967294,946
4294967294,29
4294967294,915
4294967294,28
4294967294,914
4294967294,27
4294967294,91
4294967294,87
4294967278,157
4294967279,156
4294967278,156
4294967279,155
4294967278,154
4294967278,153
